1 	Arizona 	294.0 	286.0 	360.0 	287.5 	301.8 	333.8
2 	Baltimore 	297.8 	295.3 	325.0 	246.2 	359.8 	337.4
3 	Minnesota 	307.0 	328.7 	308.0 	283.4 	326.7 	337.4
4 	Denver 	313.9 	347.7 	273.0 	311.8 	316.4 	293.5
5 	Houston 	316.7 	318.0 	302.0 	308.7 	326.4 	310.4
6 	Jacksonville 	320.9 	284.7 	304.0 	298.5 	333.7 	375.0
7 	Seattle 	335.6 	343.7 	338.0 	312.6 	354.8 	285.9
8 	Philadelphia 	339.4 	376.3 	387.0 	302.2 	370.3 	401.6
9 	LA Rams 	339.8 	363.7 	555.0 	273.8 	377.6 	367.8
10 	Buffalo 	341.9 	293.0 	301.0 	359.8 	327.0 	356.4
11 	Chicago 	343.2 	354.7 	375.0 	298.6 	380.3 	346.9
12 	NY Jets 	348.7 	310.3 	377.0 	327.4 	366.5 	318.6
13 	Green Bay 	350.8 	417.7 	292.0 	321.4 	375.3 	348.3
14 	New England 	353.2 	350.7 	333.0 	379.2 	331.5 	337.6
15 	Detroit 	353.5 	309.3 	306.0 	350.0 	357.6 	349.8
16 	NY Giants 	353.8 	307.3 	343.0 	350.7 	357.6 	420.3
17 	Carolina 	354.5 	330.7 	365.0 	299.2 	421.0 	318.5
18 	Pittsburgh 	358.7 	313.7 	310.0 	373.8 	346.2 	356.2
19 	LA Chargers 	361.1 	361.0 	353.0 	339.4 	379.2 	361.9
20 	Miami 	361.9 	360.3 	475.0 	366.3 	356.6 	376.2
21 	Dallas 	362.2 	440.3 	505.0 	369.2 	353.8 	348.1
22 	Tennessee 	362.7 	380.0 	411.0 	367.3 	358.0 	344.2
23 	Cincinnati 	366.5 	334.7 	311.0 	317.8 	394.4 	342.5
24 	Tampa Bay 	369.3 	290.3 	245.0 	373.7 	364.0 	341.1
25 	Washington 	369.6 	369.3 	353.0 	365.2 	375.0 	378.6
26 	New Orleans 	370.5 	269.0 	247.0 	379.5 	359.6 	413.4
27 	Atlanta 	381.0 	385.7 	332.0 	367.6 	392.2 	347.6
28 	Kansas City 	381.9 	415.7 	464.0 	409.4 	359.0 	324.2
29 	Oakland 	390.4 	337.0 	358.0 	402.8 	380.0 	363.6
30 	Indianapolis 	395.0 	375.0 	369.0 	410.7 	376.2 	379.1
31 	Cleveland 	400.0 	335.0 	296.0 	384.7 	415.3 	379.2
32 	San Francisco 	424.5 	415.0 	358.0 	404.8 	448.0 	387.4