1 	Atlanta 	425.2 	371.7 	367.0 	424.5 	426.0 	374.2
2 	New Orleans 	415.0 	453.7 	375.0 	469.8 	342.0 	403.8
3 	Washington 	410.2 	484.0 	546.0 	402.5 	418.0 	353.8
4 	Dallas 	409.9 	428.7 	460.0 	409.2 	410.7 	337.3
5 	Oakland 	401.6 	418.3 	626.0 	376.0 	417.0 	334.9
6 	Cincinnati 	395.4 	443.7 	415.0 	417.7 	382.0 	353.4
7 	Carolina 	387.9 	389.7 	349.0 	399.5 	372.3 	367.9
8 	New England 	380.2 	385.3 	357.0 	364.8 	395.8 	370.4
9 	Tennessee 	377.8 	410.7 	494.0 	388.2 	360.3 	311.8
10 	Arizona 	374.4 	393.0 	340.0 	403.8 	325.3 	399.3
11 	Pittsburgh 	372.3 	369.3 	375.0 	405.2 	328.3 	394.0
12 	LA Chargers 	365.8 	353.3 	369.0 	322.7 	391.6 	371.8
13 	Indianapolis 	360.5 	363.7 	277.0 	383.2 	337.8 	321.4
14 	Kansas City 	358.3 	384.7 	422.0 	344.0 	369.0 	332.8
15 	Cleveland 	355.9 	366.7 	407.0 	352.0 	358.2 	331.9
16 	Chicago 	355.4 	327.0 	403.0 	371.0 	339.8 	344.8
17 	Tampa Bay 	351.7 	366.0 	270.0 	319.0 	376.2 	375.9
18 	Miami 	349.6 	376.0 	454.0 	388.5 	297.7 	331.7
19 	NY Giants 	345.3 	296.0 	232.0 	436.3 	277.0 	372.2
20 	Green Bay 	342.3 	369.7 	331.0 	377.0 	296.0 	338.1
21 	Detroit 	341.1 	327.0 	289.0 	327.8 	354.5 	346.7
22 	NY Jets 	340.8 	322.3 	393.0 	329.7 	347.4 	370.3
23 	Seattle 	339.9 	316.3 	359.0 	367.7 	319.0 	371.5
24 	Baltimore 	334.4 	318.7 	259.0 	342.0 	328.8 	359.3
25 	Buffalo 	333.5 	378.3 	376.0 	389.5 	277.5 	360.9
26 	Jacksonville 	330.6 	343.7 	370.0 	302.7 	351.5 	348.8
27 	Denver 	326.4 	325.0 	324.0 	329.0 	322.0 	339.5
28 	Philadelphia 	317.7 	256.3 	291.0 	356.0 	289.0 	364.4
29 	Houston 	313.2 	318.0 	269.0 	347.4 	256.3 	340.6
30 	LA Rams 	307.6 	359.0 	345.0 	314.0 	305.0 	297.6
31 	Minnesota 	293.3 	297.0 	258.0 	333.7 	263.0 	313.1
32 	San Francisco 	290.0 	286.3 	273.0 	293.5 	285.3 	303.8